1 0 0 0
2 0 0.5 0
3 0 0.5 1 
4 0 0 1
5 0.5 0 0
6 0.5 0.5 0
7 0.5 0.5 1
8 0.5 0 1
9 0.5 0.5 0
10 0.5 1 0
11 0.5 1 1
12 0.5 0.5 1
13 0 0.5 0
14 0 1 0
15 0 1 1
16 0 0.5 1
17 0 0 1
18 0 0 2
19 0.5 0 1
20 0.5 0 2
21 0.5 1 1
22 0.5 1 2
23 0 1 1
24 0 1 2
25 0.5 1 2
26 0.5 1 1
27 0.5 1.4 1
28 0.5 1.4 2
29 0 1 2
30 0 1 1
31 0 1.4 1
32 0 1.4 2
33 0.5 -0.4 2
34 0.5 -0.4 1
35 0.5 0 1
36 0.5 0 2
37 0 -0.4 2
38 0 -0.4 1
39 0 0 1
40 0 0 2
41 0 0.2 2 
42 0 0.75 2
43 0 0.75 2.5
44 0 0.2 2.5
45 0.5 0.75 2
46 0.5 0.2 2 
47 0.5 0.2 2.5
48 0.5 0.75 2.5

70 0.5 0.3 2.4
71 0.5 0.4 2.4
72 0.5 0.3 2.37
73 0.5 0.4 2.37

74 0.5 0.65 2.4
75 0.5 0.55 2.4
76 0.5 0.65 2.37
77 0.5 0.55 2.37
78 0.5 0.35 2.25
79 0.5 0.6 2.25
80 0.5 0.4 2.2
81 0.5 0.54 2.2


100 1 -3.5 0
101 1 -4 0
102 1 -4 0.5
103 1 -3.5 0.5

104 0.5 -3.5 0
105 0.5 -4 0
106 0.5 -4 0.5 
107 0.5 -3.5 0.5

108 0.5 -3.5 0.5
109 0.5 -4 0.5
110 0.5 -4 1
111 0.5 -3.5 1

112 0 -3.5 0.5
113 0 -4 0.5
114 0 -4 1
115 0 -3.5 1

116 0 -3.5 1
117 0 -4 1
118 0 -4 1.5
119 0 -3.5 1.5

120 -0.5 -3.5 1
121 -0.5 -4 1
122 -0.5 -4 1.5
123 -0.5 -3.5 1.5

124 -0.5 -3.5 1.5
125 -0.5 -4 1.5
126 -0.5 -4 2
127 -0.5 -3.5 2

128 -1 -3.5 1.5
129 -1 -4 1.5
130 -1 -4 2
131 -1 -3.5 2

132 -1 -3.5 1.5
133 -1 -4 1.5
134 -1 -4 2
135 -1 -3.5 2

136 -1.5 -3.5 1.5
137 -1.5 -4 1.5
138 -1.5 -4 2
139 -1.5 -3.5 2

140 -1.5 -3.5 1.5
141 -1.5 -4 1.5
142 -1.5 -4 2
143 -1.5 -3.5 2

144 -2 -3.5 1.5
145 -2 -4 1.5
146 -2 -4 2
147 -2 -3.5 2

148 -2 -3.5 1
149 -2 -4 1
150 -2 -4 1.5
151 -2 -3.5 1.5

152 -2.5 -3.5 1
153 -2.5 -4 1
154 -2.5 -4 1.5 
155 -2.5 -3.5 1.5

156 -2.5 -3.5 0.5
157 -2.5 -4 0.5
158 -2.5 -4 1
159 -2.5 -3.5 1

160 -3 -3.5 0.5
161 -3 -4 0.5
162 -3 -4 1
163 -3 -3.5 1

164 -3 -3.5 0
165 -3 -4 0
166 -3 -4 0.5
167 -3 -3.5 0.5

168 -3.5 -3.5 0
169 -3.5 -4 0
170 -3.5 -4 0.5
171 -3.5 -3.5 0.5

172 0.5 -4 0.5 
173 0.5 -4.5 0.5
174 0.5 -4.5 0
175 0.5 -4 0

176 0 -4 0.5 
177 0 -4.5 0.5 
178 0 -4.5 0
179 0 -4 0

180 0.5 -3.5 0.5 
181 0.5 -3 0.5
182 0.5 -3 0
183 0.5 -3.5 0

184 0 -3.5 0.5
185 0 -3 0.5
186 0 -3 0
187 0 -3.5 0 

188 0 -3.5 0.5 
189 0 -3 0.5
190 0 -3 1
191 0 -3.5 1

192 -0.5 -3.5 0.5
193 -0.5 -3 0.5 
194 -0.5 -3 1
195 -0.5 -3.5 1

196 0 -4.5 0.5 
197 0 -4 0.5 
198 0 -4 1
199 0 -4.5 1 

300 -0.5 -4.5 0.5
301 -0.5 -4 0.5
302 -0.5 -4 1
303 -0.5 -4.5 1 

304 -0.5 -4 1
305 -0.5 -4.5 1
306 -0.5 -4.5 1.5
307 -0.5 -4 1.5

308 -1 -4 1
309 -1 -4.5 1
310 -1 -4.5 1.5
311 -1 -4 1.5

312 -1 -4 1
313 -1 -4.5 1
314 -1 -4.5 1.5
315 -1 -4 1.5

316 -1.5 -4 1
317 -1.5 -4.5 1
318 -1.5 -4.5 1.5 
319 -1.5 -4 1.5

320 -1.5 -4 1
321 -1.5 -4.5 1
322 -1.5 -4.5 1.5
323 -1.5 -4 1.5

324 -2 -4 1
325 -2 -4.5 1
326 -2 -4.5 1.5
327 -2 -4 1.5

328 -2 -3 1
329 -2 -3.5 1
330 -2 -3.5 1.5
331 -2 -3 1.5

332 -1.5 -3 1
333 -1.5 -3.5 1
334 -1.5 -3.5 1.5
335 -1.5 -3 1.5

336 -1.5 -3 1
337 -1.5 -3.5 1
338 -1.5 -3.5 1.5
339 -1.5 -3 1.5

340 -1 -3 1
341 -1 -3.5 1
342 -1 -3.5 1.5
343 -1 -3 1.5

344 -1 -3 1
345 -1 -3.5 1
346 -1 -3.5 1.5
347 -1 -3 1.5

348 -0.5 -3 1
349 -0.5 -3.5 1
350 -0.5 -3.5 1.5
351 -0.5 -3 1.5

352 -0.5 -2.5 0.5
353 -0.5 -3 0.5
354 -0.5 -3 1
355 -0.5 -2.5 1

356 -1 -2.5 0.5
357 -1 -3 0.5
358 -1 -3 1
359 -1 -2.5 1

360 -1 -2.5 0.5
361 -1 -3 0.5
362 -1 -3 1
363 -1 -2.5 1

364 -1.5 -2.5 0.5
365 -1.5 -3 0.5
366 -1.5 -3 1
367 -1.5 -2.5 1

368 -1.5 -2.5 0.5
369 -1.5 -3 0.5
370 -1.5 -3 1
371 -1.5 -2.5 1

372 -2 -2.5 0.5
373 -2 -3 0.5
374 -2 -3 1
375 -2 -2.5 1

376 -2 -2.5 0
377 -2 -3 0
378 -2 -3 0.5
379 -2 -2.5 0.5

380 -2.5 -2.5 0
381 -2.5 -3 0
382 -2.5 -3 0.5
383 -2.5 -2.5 0.5

384 -2 -3 0.5
385 -2 -3.5 0.5
386 -2 -3.5 1
387 -2 -3 1

388 -2.5 -3 0.5
389 -2.5 -3.5 0.5
390 -2.5 -3.5 1
391 -2.5 -3 1

392 -2.5 -3 0
393 -2.5 -3.5 0
394 -2.5 -3.5 0.5
395 -2.5 -3 0.5

396 -3 -3 0
397 -3 -3.5 0
398 -3 -3.5 0.5
399 -3 -3 0.5

400 -1.5 -2 0
401 -1.5 -2.5 0
402 -1.5 -2.5 0.5
403 -1.5 -2 0.5

404 -2 -2 0
405 -2 -2.5 0
406 -2 -2.5 0.5
407 -2 -2 0.5

408 -1.5 -2 0
409 -1.5 -2.5 0
410 -1.5 -2.5 0.5
411 -1.5 -2 0.5

412 -1 -2 0
413 -1 -2.5 0
414 -1 -2.5 0.5
415 -1 -2 0.5

416 -1 -2 0
417 -1 -2.5 0
418 -1 -2.5 0.5
419 -1 -2 0.5

420 -0.5 -2 0
421 -0.5 -2.5 0
422 -0.5 -2.5 0.5
423 -0.5 -2 0.5

424 -0.5 -2.5 0
425 -0.5 -3 0
426 -0.5 -3 0.5
427 -0.5 -2.5 0.5

428 -0 -2.5 0
429 -0 -3 0
430 -0 -3 0.5
431 -0 -2.5 0.5


432 -0 -5 0
433 -0 -4.5 0
434 -0 -4.5 0.5
435 -0 -5 0.5

436 -0.5 -5 0
437 -0.5 -4.5 0
438 -0.5 -4.5 0.5
439 -0.5 -5 0.5

440 -0.5 -5 0.5
441 -0.5 -4.5 0.5
442 -0.5 -4.5 1
443 -0.5 -5 1

444 -1 -5 0.5
445 -1 -4.5 0.5
446 -1 -4.5 1
447 -1 -5 1

448 -1 -5 0.5
449 -1 -4.5 0.5
450 -1 -4.5 1
451 -1 -5 1

452 -1.5 -5 0.5
453 -1.5 -4.5 0.5
454 -1.5 -4.5 1
455 -1.5 -5 1

456 -1.5 -5 0.5
457 -1.5 -4.5 0.5
458 -1.5 -4.5 1
459 -1.5 -5 1

460 -2 -5 0.5
461 -2 -4.5 0.5
462 -2 -4.5 1
463 -2 -5 1

464 -2 -4.5 0.5
465 -2 -4 0.5
466 -2 -4 1
467 -2 -4.5 1

468 -2.5 -4.5 0.5
469 -2.5 -4 0.5
470 -2.5 -4 1
471 -2.5 -4.5 1

472 -2.5 -4.5 0
473 -2.5 -4 0
474 -2.5 -4 0.5
475 -2.5 -4.5 0.5

476 -3 -4.5 0
477 -3 -4 0
478 -3 -4 0.5
479 -3 -4.5 0.5

480 -2 -5 0
481 -2 -4.5 0
482 -2 -4.5 0.5
483 -2 -5 0.5

484 -2.5 -5 0
485 -2.5 -4.5 0
486 -2.5 -4.5 0.5
487 -2.5 -5 0.5

488 -1.5 -5.5 0
489 -1.5 -5 0
490 -1.5 -5 0.5
491 -1.5 -5.5 0.5

492 -2 -5.5 0
493 -2 -5 0
494 -2 -5 0.5
495 -2 -5.5 0.5

496 -1 -5.5 0
497 -1 -5 0
498 -1 -5 0.5
499 -1 -5.5 0.5

500 -1.5 -5.5 0
501 -1.5 -5 0
502 -1.5 -5 0.5
503 -1.5 -5.5 0.5

504 -0.5 -5.5 0
505 -0.5 -5 0
506 -0.5 -5 0.5
507 -0.5 -5.5 0.5

508 -1 -5.5 0
509 -1 -5 0
510 -1 -5 0.5
511 -1 -5.5 0.5



200 0.25 0 1
201 0.25 1 1
202 0.25 -0.4 1.8
203 0.25 1.4 1.8
204 0.5 0.25 0
205 0.5 0.25 2

Faces:
1 2 3 4.
4 3 2 1.

5 6 7 8.
8 7 6 5.

4 3 7 8.
8 7 3 4.

1 2 6 5.
5 6 2 1.

2 6 7 3.
3 7 6 2.

1 5 8 4.
4 8 5 1.

9 10 11 12.
12 11 10 9.

13 14 15 16.
16 15 14 13.

9 13 16 12.
12 16 13 9.

12 11 15 16.
16 15 11 12.

10 14 15 11.
11 15 14 10.

9 10 14 13.
13 14 10 9.

17 23 24 18.
18 24 23 17.

21 23 24 22.
22 24 23 21.

17 19 20 18.
18 20 19 17.

17 23 21 19.
19 21 23 17.

19 21 22 20.
20 22 21 19.

20 22 24 18.
18 24 22 20.

25 26 27 28.
28 27 26 25.

26 30 31 27.
27 31 30 26.

28 32 29 25.
25 29 32 28.

30 31 32 29.
29 32 31 30.

27 31 32 28.
28 32 31 27.


33 34 35 36.
36 35 34 33.

34 38 39 35.
35 39 38 34.

35 39 40 36.
36 40 39 35.

34 38 37 33.
33 37 38 34.

38 39 40 37.
37 40 39 38.

33 37 40 36.
36 40 37 33.

41 42 43 44.
44 43 42 41.

46 41 44 47.
47 44 41 46.

46 45 48 47.
47 48 45 46.

45 42 43 48.
48 43 42 45.

46 45 42 41.
41 42 45 46.

47 48 43 44.
44 43 48 47.


72 73 71 70.

77 76 74 75.

80 81 79.

100 101 102 103.
103 102 101 100.

104 105 106 107.
107 106 105 104.

103 102 106 107.
107 106 102 103.

101 105 106 102.
102 106 105 101.

104 100 103 107.
107 103 100 104.

100 101 105 104.
104 105 101 100.

108 109 110 111.
111 110 109 108.

112 113 114 115.
115 114 113 112.

112 113 109 108.
108 109 113 112.

113 109 110 114.
114 110 109 113.

112 108 111 115.
115 111 108 112.

115 114 110 111.
111 110 114 115.

116 117 118 119.
119 118 117 116.

120 121 122 123.
123 122 121 120.

120 121 117 116.
116 117 121 120.

121 117 118 122.
122 118 117 121.

120 116 119 123.
123 119 116 120.

123 122 118 119.
119 118 122 123.

124 125 126 127.
127 126 125 124.

128 129 130 131.
131 130 129 128.

128 129 125 124.
124 125 129 128.

129 125 126 130.
130 126 125 129.

128 124 127 131.
131 127 124 128.

131 130 126 127.
127 126 130 131.

132 133 134 135.
135 134 133 132.

136 137 138 139.
139 138 137 136.

137 133 134 138.
138 134 133 137.

136 137 133 132.
132 133 137 136.

136 132 135 139.
139 135 132 136.

139 138 134 135.
135 134 138 139.

140 141 142 143.
143 142 141 140.

144 145 146 147.
147 146 145 144.

145 141 140 144.
144 140 141 145.

145 141 142 146.
146 142 141 145.

144 140 143 147.
147 143 140 144.

147 146 142 143.
143 142 146 147.

148 149 150 151.
151 150 149 148.

152 153 154 155.
155 154 153 152.

152 153 149 148.
148 149 153 152.

153 149 150 154.
154 150 149 153.

152 148 151 155.
155 151 148 152.

155 154 150 151.
151 150 154 155.

156 157 158 159.
159 158 157 156.

160 161 162 163.
163 162 161 160.

160 161 157 156.
156 157 161 160.

161 157 158 162.
162 158 157 161.

160 156 159 163.
163 159 156 160.

163 162 158 159.
159 158 162 163.

164 165 166 167.
167 166 165 164.

168 169 170 171.
171 170 169 168.

168 169 170 171.
171 170 169 168.

169 165 166 170.
170 166 165 169.

168 164 167 171.
171 167 164 168.

171 170 166 167.
167 166 170 171.

172 173 174 175.
175 174 173 172.

176 177 178 179.
179 178 177 176.

175 174 178 179.
179 178 174 175.

175 179 176 172.
172 176 179 175.

174 178 177 173.
173 177 178 174.

172 173 177 176.
176 177 173 172.

182 183 180 181.
181 180 183 182.

184 185 186 187.
187 186 185 184.

182 183 187 186.
186 187 183 182.

183 187 184 180.
180 184 187 183.

182 186 185 181.
181 185 186 182.

181 180 184 185.
185 184 180 181.

189 188 191 190.
190 191 188 189.

193 192 195 194.
194 195 192 193.

189 188 192 193.
193 192 188 189.

188 192 195 191.
191 195 192 188.

189 193 194 190.
190 194 193 189.

190 191 195 194.
194 195 191 190.

197 196 199 198.
198 199 196 197.

301 300 303 302.
302 303 300 301.

197 196 300 301.
301 300 196 197.

196 300 303 199.
199 303 300 196.

301 302 198 197.
197 198 302 301.

198 199 303 302.
302 303 199 198.

304 305 306 307.
307 306 305 304.

304 308 311 307.
307 311 308 304.

305 309 310 306.
306 310 309 305.

304 305 309 308.
308 309 305 304.

308 309 310 311.
311 310 309 308.

307 306 310 311.
311 310 306 307.

312 313 314 315.
315 314 313 312.

316 317 318 319.
319 318 317 316.

312 313 317 316.
316 317 313 312.

313 317 318 314.
314 318 317 313.

312 316 319 315.
315 319 316 312.

315 314 318 319.
319 318 314 315.

320 321 322 323.
323 322 321 320.

320 324 327 323.
323 327 324 320.

320 321 325 324.
324 325 321 320.

321 325 326 322.
322 326 325 321.

324 325 326 327.
327 326 325 324.

323 322 326 327.
327 326 322 323.

328 329 330 331.
331 330 329 328.


332 333 334 335.
335 334 333 332.

329 333 334 330.
330 334 333 329.

328 329 333 332.
332 333 329 328.

328 332 335 331.
331 335 332 328.

331 330 334 335.
335 334 330 331.

340 341 342 343.
343 342 341 340.

328 329 330 331.
331 330 329 328.

336 337 341 340.
340 341 337 336.

336 340 343 339.
339 343 340 336.

337 341 342 338.
338 342 341 337.

339 338 342 343.
343 342 338 339.

344 345 346 347.
347 346 345 344.

348 349 350 351.
351 350 349 348.

345 349 350 346.
346 350 349 345.

344 348 351 347.
347 351 348 344.

344 345 349 348.
348 349 345 344.

347 346 350 351.
351 350 346 347.

352 353 354 355.
355 354 353 352.

356 357 358 359.
359 358 357 356.

353 357 358 354.
354 358 357 353.

352 353 357 356.
356 357 353 352.

352 356 359 355.
355 359 356 352.

355 354 358 359.
359 358 354 355.

360 361 362 363.
363 362 361 360.

364 365 366 367.
367 366 365 364.

360 361 365 364.
364 365 361 360.

361 365 366 362.
362 366 365 361.

364 365 366 367.
367 366 365 364.

360 364 367 363.
363 367 364 360.

363 362 366 367.
367 366 362 363.

368 369 370 371.
371 370 369 368.

372 373 374 375.
375 374 373 372.

368 369 373 372.
372 373 369 368.

369 373 374 370.
370 374 373 369.

368 372 375 371.
371 375 372 368.

371 370 374 375.
375 374 370 371.

380 381 382 383.
383 382 381 380.

376 377 378 379.
379 378 377 376.

376 377 381 380.
380 381 377 376.

377 381 382 378.
378 382 381 377.

376 380 383 379.
379 383 380 376.

379 378 382 383.
383 382 378 379.

384 385 386 387.
387 386 385 384.

388 389 390 391.
391 390 389 388.

384 385 389 388.
388 389 385 384.

385 389 390 386.
386 390 389 385.

384 388 391 387.
387 391 388 384.

387 386 390 391.
391 390 386 387.

392 393 394 395.
395 394 393 392.

396 397 398 399.
399 398 397 396.

393 397 398 394.
394 398 397 393.

392 393 397 396.
396 397 393 392.

395 394 398 399.
399 398 394 395.

392 396 399 395.
395 399 396 392.

400 401 402 403.
403 402 401 400.

404 405 406 407.
407 406 405 404.

401 405 406 402.
402 406 405 401.

400 404 407 403.
403 407 404 400.

400 401 405 404.
404 405 401 400.

403 402 406 407.
407 406 402 403.

408 409 410 411.
411 410 409 408.

412 413 414 415.
415 414 413 412.

408 409 413 412.
412 413 409 408.

409 413 414 410.
410 414 413 409.

408 412 415 411.
411 415 412 408.

411 410 414 415.
415 414 410 411.

416 417 418 419.
419 418 417 416.

420 421 422 423.
423 422 421 420.

417 421 422 418.
418 422 421 417.

416 420 423 419.
419 423 420 416.

416 417 421 420.
420 421 417 416.

419 418 422 423.
423 422 418 419.

424 425 426 427.
427 426 425 424.

428 429 430 431.
431 430 429 428.

425 426 430 429.
429 430 426 425.

424 425 429 428.
428 429 425 424.

424 428 431 427.
427 431 428 424.

427 426 430 431.
431 430 426 427.

432 433 434 435.
435 434 433 432.

436 437 438 439.
439 438 437 436.

433 437 438 434.
434 438 437 433.

432 433 437 436.
436 437 433 432.

432 436 439 435.
435 439 436 432.

435 434 438 439.
439 438 434 435.

440 441 442 443.
443 442 441 440.

444 445 446 447.
447 446 445 444.

440 441 445 444.
444 445 441 440.

441 442 446 445.
445 446 442 441.

440 444 447 443.
443 447 444 440.

443 442 446 447.
447 446 442 443.

448 449 450 451.
451 450 449 448.

452 453 454 455.
455 454 453 452.

449 453 454 450.
450 454 453 449.

448 452 455 451.
451 455 452 448.

451 450 454 455.
455 454 450 451.

456 457 458 459.
459 458 457 456.

460 461 462 463.
463 462 461 460.

461 462 458 457.
457 458 462 461.

456 460 463 459.
459 463 460 456.

460 461 457 456.
456 457 461 460.

463 462 458 459.
459 458 462 463.

464 465 466 467.
467 466 465 464.

468 469 470 471.
471 470 469 468.

464 468 471 467.
467 471 468 464.

465 469 470 466.
466 470 469 465.

467 466 470 471.
471 470 466 467.

472 473 474 475.
475 474 473 472.

476 477 478 479.
479 478 477 476.

472 473 477 476.
476 477 473 472.

473 477 478 474.
474 478 477 473.

472 476 479 475.
475 479 476 472.

475 474 478 479.
479 478 474 475.

480 481 482 483.
483 482 481 480.

484 485 486 487.
487 486 485 484.

480 481 485 484.
484 485 481 480.

481 485 486 482.
482 486 485 481.

480 484 487 483.
483 487 484 480.

483 482 486 487.
487 486 482 483.

488 489 490 491.
491 490 489 488.

492 493 494 495.
495 494 493 492.

488 489 493 492.
492 493 489 488.

488 492 495 491.
491 495 492 488.

489 493 494 490.
490 494 493 489.

491 490 494 495.
495 494 490 491.

496 497 498 499.
499 498 497 496.

500 501 502 503.
503 502 501 500.

496 497 501 500.
500 501 497 496.

497 501 502 498.
498 502 501 497.

496 500 503 499.
499 503 500 496.

499 498 502 503.
503 502 498 499.

504 505 506 507.
507 506 505 504.

508 509 510 511.
511 510 509 508.

504 505 509 508.
508 509 505 504.

507 506 510 511.
511 510 506 507.

504 508 511 507.
507 511 508 504.